459
69 25 28
54 27 28
5 29 28
11 47 4
1 49 3
81 19 7
481 7 31
480 7 34
479 7 37
##start
478 7 40
477 9 40
476 9 37
475 9 34
474 9 31
473 11 31
472 11 34
471 11 37
470 11 40
469 13 40
468 13 37
467 13 34
466 13 31
465 15 31
464 15 34
463 15 37
462 15 40
461 17 40
460 17 37
459 17 34
458 17 31
457 19 31
456 19 34
455 19 37
454 19 40
453 21 40
452 21 37
451 21 34
450 21 31
449 23 31
447 23 34
446 23 37
445 23 40
444 25 40
443 25 37
442 25 34
441 25 31
440 27 31
439 27 34
438 27 37
437 27 40
436 29 40
435 29 37
434 29 34
432 29 31
431 31 31
430 31 34
429 31 37
428 31 40
427 33 40
426 33 37
425 33 34
424 33 31
423 35 31
422 35 34
421 35 37
420 35 40
419 37 40
418 37 37
417 37 34
416 37 31
415 39 31
414 39 34
413 39 37
412 39 40
411 41 40
410 41 37
409 41 34
408 41 31
407 43 31
406 43 34
405 43 37
404 43 40
403 45 40
402 45 37
401 45 34
400 45 31
399 47 31
398 47 34
397 47 37
396 47 40
395 49 40
394 49 37
393 49 34
392 49 31
391 51 31
390 51 34
389 51 37
388 51 40
387 53 40
386 53 37
385 53 34
384 53 31
383 53 28
382 51 28
381 49 28
380 47 28
379 45 28
378 43 28
377 41 28
376 39 28
375 37 28
374 35 28
373 33 28
371 31 28
367 23 28
366 21 28
365 19 28
364 17 28
363 15 28
362 13 28
361 11 28
360 9 28
359 7 28
358 5 28
357 5 31
356 5 34
355 5 37
354 5 40
353 5 43
352 7 43
351 9 43
350 11 43
349 13 43
348 15 43
347 17 43
346 19 43
345 21 43
344 23 43
343 25 43
342 27 43
341 29 43
340 31 43
339 33 43
338 35 43
337 37 43
336 39 43
335 41 43
334 43 43
333 45 43
332 47 43
331 49 43
330 51 43
329 53 43
328 55 43
327 55 40
326 55 37
325 55 34
324 55 31
323 55 28
322 55 25
321 53 25
320 51 25
319 49 25
318 47 25
317 45 25
316 43 25
315 41 25
314 39 25
313 37 25
312 35 25
311 33 25
309 31 25
307 29 25
305 25 25
303 21 25
302 19 25
301 17 25
300 15 25
299 13 25
298 11 25
297 9 25
296 7 25
295 5 25
294 3 25
293 3 28
292 3 31
291 3 34
290 3 37
289 3 40
288 3 43
287 3 46
286 5 46
285 7 46
284 9 46
283 11 46
282 13 46
281 15 46
280 17 46
279 19 46
278 21 46
277 23 46
276 25 46
275 27 46
274 29 46
273 31 46
272 33 46
271 35 46
270 37 46
269 39 46
268 41 46
267 43 46
266 45 46
265 47 46
264 49 46
263 51 46
262 53 46
261 55 46
260 57 46
259 57 43
258 57 40
256 57 37
255 57 34
254 57 31
253 57 28
252 57 25
251 57 22
250 55 22
249 53 22
248 51 22
247 49 22
245 47 22
244 45 22
243 43 22
242 41 22
241 39 22
240 37 22
239 35 22
238 33 22
237 31 22
236 29 22
235 27 22
234 25 22
233 23 22
232 21 22
231 19 22
230 17 22
229 15 22
228 13 22
227 11 22
223 9 22
222 7 22
221 5 22
220 3 22
219 57 19
218 55 19
217 53 19
216 51 19
213 47 19
212 45 19
211 43 19
210 41 19
208 39 19
207 37 19
206 35 19
205 33 19
204 31 19
203 29 19
202 27 19
201 25 19
200 23 19
199 21 19
198 19 19
197 17 19
196 15 19
195 13 19
194 11 19
193 9 19
192 7 19
191 5 19
190 3 19
189 55 16
188 53 16
187 51 16
186 49 16
185 47 16
184 45 16
183 43 16
182 41 16
181 39 16
180 37 16
179 35 16
178 33 16
177 31 16
176 29 16
175 27 16
174 25 16
173 23 16
172 21 16
171 19 16
170 17 16
169 15 16
168 13 16
167 11 16
166 9 16
165 7 16
164 5 16
163 3 16
162 57 16
161 57 13
160 55 13
159 53 13
158 51 13
157 49 13
156 47 13
155 45 13
154 43 13
152 41 13
151 39 13
150 37 13
149 35 13
148 33 13
147 31 13
146 29 13
145 27 13
144 25 13
143 23 13
142 21 13
141 19 13
140 17 13
139 15 13
138 13 13
137 11 13
136 9 13
135 7 13
134 5 13
133 3 13
132 57 10
131 55 10
130 53 10
129 51 10
128 49 10
127 47 10
126 45 10
125 43 10
124 41 10
123 39 10
122 37 10
121 35 10
120 33 10
119 31 10
118 29 10
117 27 10
116 25 10
115 23 10
114 21 10
113 19 10
112 17 10
111 15 10
110 13 10
109 11 10
108 9 10
107 7 10
106 5 10
105 3 10
104 57 7
103 55 7
102 53 7
101 51 7
100 49 7
99 47 7
98 45 7
97 43 7
96 41 7
95 39 7
94 37 7
93 35 7
90 29 7
88 25 7
87 23 7
86 21 7
84 17 7
83 15 7
82 13 7
79 11 7
77 7 7
76 5 7
75 3 7
74 57 4
73 55 4
71 51 4
70 49 4
68 45 4
67 43 4
66 41 4
65 39 4
64 37 4
63 35 4
62 33 4
61 31 4
60 29 4
59 27 4
58 25 4
57 23 4
56 21 4
55 19 4
53 17 4
52 15 4
51 13 4
50 11 4
49 9 4
48 7 4
47 5 4
46 3 4
45 57 1
44 55 1
43 53 1
42 51 1
41 49 1
40 47 1
39 45 1
38 43 1
37 41 1
36 39 1
35 37 1
34 35 1
33 33 1
32 31 1
31 29 1
30 27 1
29 25 1
28 23 1
27 21 1
26 19 1
25 17 1
24 15 1
23 13 1
22 11 1
21 9 1
20 7 1
19 5 1
18 3 1
17 1 46
16 1 43
15 1 40
14 1 37
13 1 34
12 1 31
10 1 25
9 1 22
8 1 19
7 1 16
6 1 13
4 1 7
3 1 4
0 1 1
2 9 7
##end
85 53 4
153 27 25
209 23 25
54-5
54-305
54-441
5-307
5-440
11-1
11-99
11-98
11-68
1-85
81-115
81-114
481-480
481-474
481-356
480-479
479-478
478-477
478-476
478-463
478-356
478-355
478-354
478-290
477-470
476-475
476-472
476-471
475-474
474-473
474-361
474-360
473-472
473-466
471-468
470-469
470-284
470-282
469-460
468-467
468-463
467-464
466-465
465-363
464-463
464-459
463-462
463-460
463-459
462-455
461-452
461-347
460-455
460-451
459-458
459-457
459-456
459-455
458-364
457-456
457-451
457-450
457-367
457-363
456-455
456-451
455-452
455-451
455-447
454-446
453-445
452-446
452-442
450-447
450-441
450-366
446-445
446-439
444-438
444-343
442-439
442-432
441-367
440-432
439-434
438-434
437-436
437-435
437-341
436-435
436-428
436-341
435-434
435-428
434-430
434-429
432-371
432-373
429-427
429-425
429-420
428-341
427-421
427-340
427-338
426-422
426-420
425-421
424-373
423-422
422-418
422-416
420-418
420-413
418-412
416-376
415-408
415-376
414-413
414-409
413-406
413-404
412-337
412-335
411-405
411-404
411-335
409-406
408-378
407-400
407-377
406-401
406-397
405-403
404-397
403-396
401-400
401-398
400-399
399-380
398-397
397-388
396-395
396-394
395-389
394-390
393-392
393-389
392-381
391-382
390-385
388-387
388-262
387-386
387-329
387-327
386-325
385-325
383-382
383-324
381-320
380-317
379-318
378-316
376-314
375-374
375-313
374-312
371-312
371-311
367-305
367-302
366-365
366-303
365-364
364-301
363-302
363-300
362-299
361-298
360-359
360-297
359-358
359-357
359-296
359-295
358-294
358-293
357-356
354-353
354-288
353-352
352-351
351-350
350-349
350-283
349-348
348-347
347-346
347-281
347-279
346-345
345-344
344-343
344-279
344-275
343-342
343-276
342-341
342-276
342-274
341-340
341-274
340-339
340-275
340-274
340-272
340-271
339-338
339-272
338-337
338-272
338-270
337-336
337-270
336-335
336-271
336-270
336-268
336-267
335-334
335-268
334-333
334-268
334-266
333-332
333-266
332-331
332-267
332-266
332-264
332-263
331-330
331-264
330-329
330-263
328-327
328-260
328-258
327-258
327-256
325-324
325-256
324-323
324-253
323-322
322-321
322-252
322-250
321-320
321-248
320-319
318-247
318-244
317-244
316-244
316-242
315-314
315-241
313-241
312-240
311-239
311-237
309-237
309-236
307-236
307-153
305-233
302-232
301-300
300-299
300-229
299-298
299-228
298-227
297-222
296-223
295-221
294-8
293-12
291-290
291-14
291-13
291-12
289-288
289-14
288-287
288-17
287-286
287-17
286-285
285-284
282-281
281-280
280-279
276-275
275-274
274-273
273-272
272-271
271-270
270-269
269-268
268-267
267-266
266-265
265-264
262-261
261-260
260-259
258-256
253-252
251-250
251-219
250-249
250-218
249-248
249-218
248-216
247-245
247-186
245-244
245-213
242-211
240-208
240-207
240-206
239-180
238-205
238-204
237-204
236-235
236-204
235-203
235-202
235-153
234-200
234-153
233-201
232-198
231-230
230-229
230-198
230-197
229-228
228-227
228-196
223-192
222-193
221-220
221-191
220-191
219-218
218-189
217-216
216-188
213-212
212-211
211-210
211-184
211-183
211-182
210-181
208-182
207-182
206-205
206-176
204-178
204-177
202-146
201-176
201-175
201-173
200-199
200-174
200-173
198-172
196-195
196-170
194-193
193-167
193-165
192-166
191-164
190-10
190-6
189-188
189-162
189-160
188-187
188-160
188-158
187-186
186-185
186-157
184-183
184-155
183-155
183-154
181-180
180-179
180-152
180-150
178-149
178-146
177-148
176-175
176-147
176-145
176-122
176-115
175-174
175-146
175-145
174-145
173-144
172-141
171-140
170-169
169-168
168-138
167-137
166-135
165-136
164-134
162-161
161-130
160-131
159-130
157-156
157-129
156-126
155-99
154-126
154-98
152-151
152-124
151-123
150-122
150-121
149-148
149-146
149-120
148-147
148-119
147-118
146-145
145-118
144-115
141-114
141-112
140-111
139-138
139-111
137-136
136-107
135-108
134-106
133-8
133-4
132-131
131-104
131-103
131-102
130-101
129-128
128-127
128-101
127-100
127-99
126-98
125-124
125-98
124-123
124-96
123-95
123-94
121-120
119-118
118-117
117-88
116-115
116-88
112-111
111-110
108-77
107-2
106-76
104-74
104-85
103-102
103-74
103-85
102-101
102-85
101-100
101-85
100-71
100-70
99-70
98-97
98-70
97-96
97-68
97-66
96-66
95-65
77-49
76-47
75-6
75-0
74-73
74-45
73-43
73-85
71-85
70-43
68-67
68-39
67-66
67-38
66-37
66-36
65-37
65-35
64-36
64-34
63-35
63-33
62-34
62-32
61-33
61-31
60-32
60-30
59-31
59-29
58-30
58-28
57-29
57-27
56-28
56-26
55-27
55-25
53-26
53-24
52-25
52-23
51-24
51-22
50-23
50-20
50-2
49-22
48-47
48-22
48-0
47-46
46-20
46-4
45-44
45-85
44-43
44-85
43-85
42-41
42-85
41-40
41-85
40-39
39-38
38-37
37-36
17-16
16-15
15-14
12-10
